3993 4120
-1 0 
0 1 
0 2 
1 3 
1 4 
2 5 
2 6 
3 7 
3 8 
4 9 
4 10 
5 11 
5 12 
6 13 
6 14 
7 15 
7 16 
8 17 
8 18 
9 19 
9 20 
10 21 
10 22 
11 23 
11 24 
12 25 
12 26 
13 27 
13 28 
14 29 
14 30 
15 31 
15 32 
16 33 
16 34 
17 35 
17 36 
18 37 
18 38 
19 39 
19 40 
20 41 
20 42 
21 43 
21 44 
22 45 
22 46 
23 47 
23 48 
24 49 
24 50 
25 51 
25 52 
26 53 
26 54 
27 55 
27 56 
28 57 
28 58 
29 59 
29 60 
30 61 
30 62 
31 63 
63 64 56
63 65 79
63 66 93
63 67 116
63 68 118
63 69 136
63 70 181
63 71 202
63 72 213
63 73 244
63 74 246
63 75 295
63 76 310
63 77 315
63 78 406
63 79 468
63 80 530
63 81 601
63 82 641
63 83 660
63 84 700
63 85 762
63 86 1000
63 87 1082
63 88 1106
63 89 1119
63 90 1151
63 91 1257
63 92 1457
63 93 1907
63 94 1954
63 95 2026
63 96 2075
63 97 2110
63 98 2113
63 99 2191
63 100 2198
63 101 2305
63 102 2369
63 103 2374
63 104 2458
63 105 2482
63 106 2535
63 107 2536
63 108 2540
63 109 2610
63 110 2634
63 111 2637
63 112 2664
63 113 2701
63 114 2789
63 115 2809
63 116 2828
63 117 2949
63 118 2986
63 119 3226
63 120 3254
63 121 3256
63 122 3659
63 123 3763
63 124 3912
63 125 3920
63 126 3942
31 127 
127 128 46
127 129 198
127 130 245
127 131 306
127 132 346
127 133 461
127 134 462
127 135 467
127 136 862
127 137 966
127 138 1061
127 139 1100
127 140 1217
127 141 1315
127 142 1412
127 143 1490
127 144 1635
127 145 1704
127 146 1722
127 147 1827
127 148 1906
127 149 2133
127 150 2138
127 151 2183
127 152 2323
127 153 2335
127 154 2432
127 155 2499
127 156 2520
127 157 2552
127 158 2598
127 159 2605
127 160 2627
127 161 2651
127 162 2697
127 163 2699
127 164 2741
127 165 2745
127 166 2746
127 167 2748
127 168 2751
127 169 2803
127 170 2805
127 171 2905
127 172 2906
127 173 2907
127 174 2914
127 175 2966
127 176 3136
127 177 3137
127 178 3188
127 179 3195
127 180 3250
127 181 3251
127 182 3252
127 183 3253
127 184 3384
127 185 3385
127 186 3464
127 187 3512
127 188 3661
127 189 3908
32 190 
190 191 35
190 192 83
190 193 271
190 194 320
190 195 350
190 196 351
190 197 429
190 198 444
190 199 507
190 200 526
190 201 527
190 202 956
190 203 960
190 204 1013
190 205 1129
190 206 1417
190 207 1473
190 208 1497
190 209 1514
190 210 1545
190 211 1607
190 212 1648
190 213 1660
190 214 1709
190 215 1729
190 216 1788
190 217 1851
190 218 1857
190 219 1875
190 220 1919
190 221 1920
190 222 2068
190 223 2092
190 224 2098
190 225 2135
190 226 2210
190 227 2220
190 228 2243
190 229 2308
190 230 2340
190 231 2404
190 232 2421
190 233 2497
190 234 2587
190 235 2594
190 236 2647
190 237 2763
190 238 2782
190 239 2964
190 240 3072
190 241 3279
190 242 3298
190 243 3302
190 244 3316
190 245 3463
190 246 3545
190 247 3555
190 248 3751
190 249 3764
190 250 3817
190 251 3829
190 252 3907
190 253 3924
32 254 
254 255 45
254 256 75
254 257 78
254 258 325
254 259 333
254 260 382
254 261 433
254 262 470
254 263 609
254 264 761
254 265 1014
254 266 1454
254 267 1662
254 268 1706
254 269 1727
254 270 1761
254 271 1774
254 272 1817
254 273 1830
254 274 1831
254 275 1839
254 276 1865
254 277 1944
254 278 2004
254 279 2005
254 280 2007
254 281 2034
254 282 2069
254 283 2087
254 284 2194
254 285 2273
254 286 2274
254 287 2320
254 288 2331
254 289 2351
254 290 2460
254 291 2487
254 292 2582
254 293 2596
254 294 2612
254 295 2625
254 296 2644
254 297 2691
254 298 2692
254 299 2698
254 300 2860
254 301 2861
254 302 2892
254 303 2911
254 304 2948
254 305 3035
254 306 3182
254 307 3382
254 308 3405
254 309 3502
254 310 3705
254 311 3750
254 312 3757
254 313 3822
254 314 3826
254 315 3848
254 316 3897
33 317 
317 318 37
317 319 41
317 320 44
317 321 64
317 322 76
317 323 84
317 324 96
317 325 99
317 326 100
317 327 169
317 328 180
317 329 203
317 330 204
317 331 210
317 332 211
317 333 241
317 334 260
317 335 284
317 336 289
317 337 296
317 338 323
317 339 324
317 340 343
317 341 344
317 342 396
317 343 400
317 344 597
317 345 611
317 346 627
317 347 696
317 348 697
317 349 786
317 350 800
317 351 887
317 352 941
317 353 983
317 354 1130
317 355 1197
317 356 1314
317 357 1382
317 358 1543
317 359 1711
317 360 1804
317 361 1897
317 362 2016
317 363 2115
317 364 2235
317 365 2264
317 366 2333
317 367 2466
317 368 2498
317 369 2537
317 370 2606
317 371 2675
317 372 2776
317 373 2859
317 374 2903
317 375 2904
317 376 2920
317 377 3174
317 378 3186
317 379 3313
317 380 3417
33 381 
381 382 106
381 383 111
381 384 120
381 385 122
381 386 131
381 387 170
381 388 221
381 389 236
381 390 243
381 391 314
381 392 326
381 393 368
381 394 372
381 395 431
381 396 458
381 397 659
381 398 701
381 399 721
381 400 753
381 401 787
381 402 907
381 403 1025
381 404 1074
381 405 1114
381 406 1189
381 407 1524
381 408 1750
381 409 1805
381 410 1952
381 411 1978
381 412 1979
381 413 1981
381 414 1982
381 415 1984
381 416 2018
381 417 2055
381 418 2058
381 419 2085
381 420 2140
381 421 2344
381 422 2346
381 423 2348
381 424 2349
381 425 2380
381 426 2395
381 427 2402
381 428 2422
381 429 2425
381 430 2426
381 431 2427
381 432 2563
381 433 2565
381 434 2779
381 435 2978
381 436 3037
381 437 3310
381 438 3436
381 439 3447
381 440 3461
381 441 3462
381 442 3662
381 443 3666
34 444 
444 445 57
444 446 132
444 447 171
444 448 307
444 449 316
444 450 359
444 451 360
444 452 427
444 453 631
444 454 740
444 455 955
444 456 968
444 457 1200
444 458 1218
444 459 1485
444 460 1486
444 461 1502
444 462 1504
444 463 1643
444 464 1649
444 465 1650
444 466 1710
444 467 1764
444 468 1832
444 469 1833
444 470 1834
444 471 1922
444 472 1949
444 473 2059
444 474 2080
444 475 2099
444 476 2302
444 477 2342
444 478 2359
444 479 2384
444 480 2385
444 481 2420
444 482 2423
444 483 2501
444 484 2601
444 485 2668
444 486 2703
444 487 2733
444 488 2734
444 489 2735
444 490 2810
444 491 2835
444 492 2836
444 493 2840
444 494 2866
444 495 2899
444 496 2928
444 497 2938
444 498 3424
444 499 3440
444 500 3453
444 501 3469
444 502 3472
444 503 3520
444 504 3756
444 505 3905
444 506 3906
444 507 3923
34 508 
508 509 318
508 510 338
508 511 340
508 512 362
508 513 426
508 514 449
508 515 463
508 516 590
508 517 615
508 518 623
508 519 722
508 520 792
508 521 805
508 522 1146
508 523 1173
508 524 1199
508 525 1362
508 526 1407
508 527 1519
508 528 1789
508 529 1879
508 530 1881
508 531 1970
508 532 1975
508 533 1976
508 534 1977
508 535 1980
508 536 1986
508 537 2009
508 538 2072
508 539 2089
508 540 2136
508 541 2152
508 542 2153
508 543 2154
508 544 2214
508 545 2251
508 546 2256
508 547 2257
508 548 2306
508 549 2345
508 550 2381
508 551 2397
508 552 2457
508 553 2525
508 554 2543
508 555 2633
508 556 2659
508 557 2666
508 558 2693
508 559 2695
508 560 2752
508 561 2753
508 562 2756
508 563 2862
508 564 2865
508 565 2913
508 566 2915
508 567 3516
508 568 3583
508 569 3748
508 570 3831
35 571 
571 572 140
571 573 158
571 574 159
571 575 160
571 576 185
571 577 186
571 578 199
571 579 212
571 580 224
571 581 226
571 582 227
571 583 228
571 584 249
571 585 252
571 586 257
571 587 258
571 588 259
571 589 261
571 590 262
571 591 274
571 592 276
571 593 280
571 594 301
571 595 319
571 596 355
571 597 376
571 598 438
571 599 439
571 600 440
571 601 471
571 602 607
571 603 625
571 604 633
571 605 712
571 606 797
571 607 798
571 608 995
571 609 996
571 610 1321
571 611 1423
571 612 1546
571 613 1730
571 614 1745
571 615 1752
571 616 1822
571 617 2341
571 618 2430
571 619 2431
571 620 2443
571 621 2529
571 622 2566
571 623 2567
571 624 2658
571 625 2744
571 626 2783
571 627 3140
571 628 3190
571 629 3300
571 630 3527
571 631 3585
571 632 3821
571 633 3875
571 634 3892
35 635 
635 636 124
635 637 141
635 638 142
635 639 253
635 640 270
635 641 279
635 642 303
635 643 352
635 644 356
635 645 370
635 646 371
635 647 610
635 648 710
635 649 723
635 650 971
635 651 1008
635 652 1081
635 653 1416
635 654 1760
635 655 1964
635 656 2325
635 657 2336
635 658 2370
635 659 2470
635 660 2490
635 661 2539
635 662 2602
635 663 2765
635 664 2870
635 665 3003
635 666 3004
635 667 3032
635 668 3061
635 669 3132
635 670 3212
635 671 3240
635 672 3347
635 673 3349
635 674 3350
635 675 3410
635 676 3425
635 677 3443
635 678 3446
635 679 3452
635 680 3490
635 681 3526
635 682 3542
635 683 3559
635 684 3560
635 685 3561
635 686 3640
635 687 3641
635 688 3642
635 689 3706
635 690 3707
635 691 3768
635 692 3796
635 693 3839
635 694 3840
635 695 3860
635 696 3861
635 697 3921
36 698 
698 699 15
698 700 34
698 701 72
698 702 87
698 703 89
698 704 90
698 705 91
698 706 94
698 707 112
698 708 113
698 709 125
698 710 129
698 711 135
698 712 143
698 713 144
698 714 187
698 715 196
698 716 225
698 717 264
698 718 277
698 719 278
698 720 321
698 721 347
698 722 361
698 723 369
698 724 389
698 725 392
698 726 424
698 727 447
698 728 460
698 729 513
698 730 594
698 731 719
698 732 785
698 733 793
698 734 977
698 735 1076
698 736 1078
698 737 1080
698 738 1383
698 739 1420
698 740 1540
698 741 1550
698 742 1560
698 743 1746
698 744 1748
698 745 1824
698 746 1996
698 747 2062
698 748 2229
698 749 2330
698 750 2600
698 751 2630
698 752 2853
698 753 2878
698 754 2947
698 755 2998
698 756 3276
698 757 3311
698 758 3781
698 759 3791
698 760 3794
698 761 3979
36 762 
762 763 61
762 764 121
762 765 197
762 766 268
762 767 285
762 768 345
762 769 502
762 770 566
762 771 628
762 772 632
762 773 698
762 774 704
762 775 931
762 776 1073
762 777 1319
762 778 1557
762 779 1558
762 780 1654
762 781 1934
762 782 1938
762 783 1959
762 784 1999
762 785 2172
762 786 2180
762 787 2280
762 788 2316
762 789 2317
762 790 2319
762 791 2376
762 792 2377
762 793 2392
762 794 2406
762 795 2413
762 796 2419
762 797 2474
762 798 2475
762 799 2480
762 800 2505
762 801 2577
762 802 2604
762 803 2725
762 804 2786
762 805 2848
762 806 2901
762 807 2975
762 808 3000
762 809 3201
762 810 3351
762 811 3380
762 812 3473
762 813 3626
762 814 3708
762 815 3709
762 816 3741
762 817 3754
762 818 3773
762 819 3774
762 820 3785
762 821 3909
762 822 3910
762 823 3911
762 824 3930
37 825 
825 826 40
825 827 50
825 828 60
825 829 86
825 830 177
825 831 178
825 832 179
825 833 195
825 834 238
825 835 240
825 836 283
825 837 309
825 838 342
825 839 349
825 840 415
825 841 474
825 842 477
825 843 620
825 844 703
825 845 705
825 846 707
825 847 873
825 848 897
825 849 1118
825 850 1196
825 851 1246
825 852 1595
825 853 1933
825 854 2027
825 855 2028
825 856 2076
825 857 2143
825 858 2171
825 859 2245
825 860 2279
825 861 2375
825 862 2418
825 863 2530
825 864 2531
825 865 2579
825 866 2616
825 867 2635
825 868 2655
825 869 2667
825 870 2676
825 871 2731
825 872 2867
825 873 2868
825 874 2996
825 875 3055
825 876 3258
825 877 3320
825 878 3345
825 879 3500
825 880 3521
825 881 3558
825 882 3663
825 883 3825
825 884 3827
825 885 3836
825 886 3857
825 887 3858
825 888 3871
37 889 
889 890 8
889 891 28
889 892 33
889 893 53
889 894 54
889 895 70
889 896 77
889 897 85
889 898 88
889 899 92
889 900 146
889 901 184
889 902 189
889 903 200
889 904 207
889 905 281
889 906 282
889 907 300
889 908 437
889 909 496
889 910 563
889 911 612
889 912 613
889 913 622
889 914 626
889 915 706
889 916 708
889 917 789
889 918 791
889 919 794
889 920 880
889 921 893
889 922 993
889 923 1004
889 924 1117
889 925 1363
889 926 1496
889 927 1880
889 928 1912
889 929 1989
889 930 1993
889 931 1995
889 932 2071
889 933 2084
889 934 2104
889 935 2105
889 936 2109
889 937 2131
889 938 2134
889 939 2281
889 940 2313
889 941 2360
889 942 2473
889 943 2503
889 944 2583
889 945 2584
889 946 2646
889 947 2724
889 948 2880
889 949 3073
889 950 3670
889 951 3777
38 952 
952 953 73
952 954 188
952 955 215
952 956 216
952 957 217
952 958 272
952 959 290
952 960 327
952 961 328
952 962 357
952 963 410
952 964 418
952 965 428
952 966 450
952 967 451
952 968 616
952 969 636
952 970 637
952 971 638
952 972 720
952 973 822
952 974 863
952 975 867
952 976 991
952 977 1369
952 978 1385
952 979 1386
952 980 1387
952 981 1396
952 982 1397
952 983 1398
952 984 1399
952 985 1401
952 986 1452
952 987 1479
952 988 1569
952 989 1571
952 990 1591
952 991 2033
952 992 2301
952 993 2322
952 994 2334
952 995 2408
952 996 2411
952 997 2416
952 998 2489
952 999 2491
952 1000 2493
952 1001 2683
952 1002 2719
952 1003 2737
952 1004 2780
952 1005 3181
952 1006 3220
952 1007 3225
952 1008 3411
952 1009 3550
952 1010 3700
952 1011 3714
952 1012 3746
952 1013 3862
952 1014 3937
38 1015 
1015 1016 4
1015 1017 29
1015 1018 36
1015 1019 38
1015 1020 42
1015 1021 47
1015 1022 48
1015 1023 49
1015 1024 62
1015 1025 63
1015 1026 69
1015 1027 71
1015 1028 74
1015 1029 80
1015 1030 81
1015 1031 82
1015 1032 98
1015 1033 105
1015 1034 107
1015 1035 108
1015 1036 109
1015 1037 133
1015 1038 138
1015 1039 145
1015 1040 205
1015 1041 208
1015 1042 209
1015 1043 218
1015 1044 219
1015 1045 237
1015 1046 242
1015 1047 250
1015 1048 266
1015 1049 297
1015 1050 313
1015 1051 354
1015 1052 384
1015 1053 385
1015 1054 397
1015 1055 402
1015 1056 407
1015 1057 411
1015 1058 425
1015 1059 448
1015 1060 529
1015 1061 580
1015 1062 618
1015 1063 799
1015 1064 894
1015 1065 901
1015 1066 944
1015 1067 972
1015 1068 975
1015 1069 1009
1015 1070 1163
1015 1071 1320
1015 1072 1395
1015 1073 1424
1015 1074 1688
1015 1075 1741
1015 1076 1743
1015 1077 2943
39 1078 
1078 1079 3
1078 1080 21
1078 1081 65
1078 1082 95
1078 1083 151
1078 1084 334
1078 1085 409
1078 1086 430
1078 1087 525
1078 1088 600
1078 1089 634
1078 1090 646
1078 1091 673
1078 1092 679
1078 1093 683
1078 1094 684
1078 1095 736
1078 1096 759
1078 1097 773
1078 1098 776
1078 1099 778
1078 1100 815
1078 1101 823
1078 1102 824
1078 1103 825
1078 1104 828
1078 1105 870
1078 1106 879
1078 1107 909
1078 1108 910
1078 1109 957
1078 1110 998
1078 1111 1031
1078 1112 1051
1078 1113 1056
1078 1114 1083
1078 1115 1121
1078 1116 1128
1078 1117 1131
1078 1118 1132
1078 1119 1140
1078 1120 1183
1078 1121 1184
1078 1122 1220
1078 1123 1221
1078 1124 1254
1078 1125 1302
1078 1126 1323
1078 1127 1389
1078 1128 1390
1078 1129 1391
1078 1130 1610
1078 1131 1619
1078 1132 1620
1078 1133 1692
1078 1134 1708
1078 1135 1713
1078 1136 1714
1078 1137 1754
1078 1138 1794
1078 1139 1796
1078 1140 1806
1078 1141 1808
39 1142 
1142 1143 97
1142 1144 102
1142 1145 139
1142 1146 578
1142 1147 581
1142 1148 846
1142 1149 847
1142 1150 869
1142 1151 927
1142 1152 943
1142 1153 961
1142 1154 990
1142 1155 1041
1142 1156 1147
1142 1157 1150
1142 1158 1175
1142 1159 1203
1142 1160 1266
1142 1161 1308
1142 1162 1322
1142 1163 1337
1142 1164 1340
1142 1165 1341
1142 1166 1342
1142 1167 1345
1142 1168 1347
1142 1169 1374
1142 1170 1384
1142 1171 1403
1142 1172 1437
1142 1173 1439
1142 1174 1478
1142 1175 1480
1142 1176 1481
1142 1177 1494
1142 1178 1495
1142 1179 1565
1142 1180 1566
1142 1181 1578
1142 1182 1589
1142 1183 1594
1142 1184 1596
1142 1185 1602
1142 1186 1603
1142 1187 1604
1142 1188 1605
1142 1189 1606
1142 1190 1657
1142 1191 1665
1142 1192 1667
1142 1193 1668
1142 1194 1693
1142 1195 1700
1142 1196 1755
1142 1197 1767
1142 1198 1771
1142 1199 1773
1142 1200 1775
1142 1201 1776
1142 1202 1825
1142 1203 1826
1142 1204 3400
40 1205 
1205 1206 182
1205 1207 398
1205 1208 517
1205 1209 661
1205 1210 662
1205 1211 663
1205 1212 665
1205 1213 666
1205 1214 667
1205 1215 668
1205 1216 758
1205 1217 806
1205 1218 807
1205 1219 905
1205 1220 908
1205 1221 924
1205 1222 925
1205 1223 981
1205 1224 1026
1205 1225 1027
1205 1226 1028
1205 1227 1034
1205 1228 1038
1205 1229 1089
1205 1230 1097
1205 1231 1104
1205 1232 1105
1205 1233 1138
1205 1234 1174
1205 1235 1247
1205 1236 1248
1205 1237 1279
1205 1238 1281
1205 1239 1289
1205 1240 1325
1205 1241 1349
1205 1242 1350
1205 1243 1353
1205 1244 1367
1205 1245 1368
1205 1246 1375
1205 1247 1440
1205 1248 1441
1205 1249 1443
1205 1250 1466
1205 1251 1476
1205 1252 1507
1205 1253 1567
1205 1254 1584
1205 1255 1590
1205 1256 1593
1205 1257 1615
1205 1258 1617
1205 1259 1661
1205 1260 1673
1205 1261 1690
1205 1262 1698
1205 1263 1715
1205 1264 1720
1205 1265 1768
1205 1266 1777
1205 1267 1785
1205 1268 1786
40 1269 
1269 1270 59
1269 1271 104
1269 1272 150
1269 1273 275
1269 1274 528
1269 1275 586
1269 1276 639
1269 1277 656
1269 1278 657
1269 1279 680
1269 1280 729
1269 1281 742
1269 1282 749
1269 1283 766
1269 1284 767
1269 1285 768
1269 1286 769
1269 1287 770
1269 1288 774
1269 1289 818
1269 1290 826
1269 1291 829
1269 1292 831
1269 1293 853
1269 1294 859
1269 1295 861
1269 1296 875
1269 1297 876
1269 1298 934
1269 1299 935
1269 1300 948
1269 1301 950
1269 1302 967
1269 1303 969
1269 1304 1043
1269 1305 1046
1269 1306 1057
1269 1307 1059
1269 1308 1133
1269 1309 1143
1269 1310 1235
1269 1311 1239
1269 1312 1240
1269 1313 1287
1269 1314 1288
1269 1315 1358
1269 1316 1360
1269 1317 1376
1269 1318 1414
1269 1319 1434
1269 1320 1449
1269 1321 1515
1269 1322 1516
1269 1323 1577
1269 1324 1618
1269 1325 1624
1269 1326 1655
1269 1327 1663
1269 1328 1664
1269 1329 1674
1269 1330 1718
1269 1331 1829
41 1332 
1332 1333 174
1332 1334 358
1332 1335 381
1332 1336 490
1332 1337 547
1332 1338 548
1332 1339 550
1332 1340 552
1332 1341 553
1332 1342 554
1332 1343 558
1332 1344 559
1332 1345 643
1332 1346 658
1332 1347 675
1332 1348 676
1332 1349 677
1332 1350 690
1332 1351 746
1332 1352 748
1332 1353 751
1332 1354 763
1332 1355 775
1332 1356 790
1332 1357 810
1332 1358 811
1332 1359 821
1332 1360 834
1332 1361 891
1332 1362 899
1332 1363 926
1332 1364 928
1332 1365 929
1332 1366 930
1332 1367 946
1332 1368 963
1332 1369 1020
1332 1370 1021
1332 1371 1024
1332 1372 1032
1332 1373 1047
1332 1374 1095
1332 1375 1096
1332 1376 1135
1332 1377 1136
1332 1378 1141
1332 1379 1142
1332 1380 1152
1332 1381 1212
1332 1382 1228
1332 1383 1234
1332 1384 1303
1332 1385 1334
1332 1386 1335
1332 1387 1370
1332 1388 1458
1332 1389 1614
1332 1390 1631
1332 1391 1769
1332 1392 1797
1332 1393 1799
1332 1394 3427
1332 1395 3874
41 1396 
1396 1397 2
1396 1398 19
1396 1399 51
1396 1400 114
1396 1401 153
1396 1402 175
1396 1403 230
1396 1404 232
1396 1405 233
1396 1406 286
1396 1407 412
1396 1408 413
1396 1409 452
1396 1410 487
1396 1411 488
1396 1412 489
1396 1413 493
1396 1414 544
1396 1415 557
1396 1416 644
1396 1417 670
1396 1418 747
1396 1419 760
1396 1420 771
1396 1421 772
1396 1422 808
1396 1423 809
1396 1424 812
1396 1425 832
1396 1426 848
1396 1427 942
1396 1428 997
1396 1429 1018
1396 1430 1042
1396 1431 1058
1396 1432 1124
1396 1433 1162
1396 1434 1181
1396 1435 1213
1396 1436 1219
1396 1437 1237
1396 1438 1292
1396 1439 1351
1396 1440 1488
1396 1441 1572
1396 1442 1675
1396 1443 1864
1396 1444 2101
1396 1445 2129
1396 1446 2230
1396 1447 2401
1396 1448 2433
1396 1449 2575
1396 1450 2611
1396 1451 2680
1396 1452 2712
1396 1453 2778
1396 1454 2811
1396 1455 2872
1396 1456 3257
1396 1457 3938
1396 1458 3939
42 1459 
1459 1460 52
1459 1461 322
1459 1462 339
1459 1463 501
1459 1464 508
1459 1465 510
1459 1466 546
1459 1467 564
1459 1468 579
1459 1469 582
1459 1470 584
1459 1471 585
1459 1472 630
1459 1473 734
1459 1474 735
1459 1475 755
1459 1476 819
1459 1477 850
1459 1478 885
1459 1479 938
1459 1480 1050
1459 1481 1062
1459 1482 1126
1459 1483 1139
1459 1484 1176
1459 1485 1177
1459 1486 1178
1459 1487 1179
1459 1488 1185
1459 1489 1186
1459 1490 1195
1459 1491 1198
1459 1492 1222
1459 1493 1223
1459 1494 1271
1459 1495 1272
1459 1496 1273
1459 1497 1274
1459 1498 1286
1459 1499 1294
1459 1500 1296
1459 1501 1338
1459 1502 1352
1459 1503 1364
1459 1504 1427
1459 1505 1471
1459 1506 1472
1459 1507 1525
1459 1508 1535
1459 1509 1536
1459 1510 1559
1459 1511 1669
1459 1512 1670
1459 1513 1671
1459 1514 1681
1459 1515 1685
1459 1516 1689
1459 1517 1697
1459 1518 1703
1459 1519 1759
1459 1520 3563
1459 1521 3936
42 1522 
1522 1523 10
1522 1524 302
1522 1525 308
1522 1526 391
1522 1527 459
1522 1528 479
1522 1529 480
1522 1530 495
1522 1531 498
1522 1532 516
1522 1533 539
1522 1534 540
1522 1535 541
1522 1536 567
1522 1537 570
1522 1538 813
1522 1539 817
1522 1540 833
1522 1541 854
1522 1542 856
1522 1543 932
1522 1544 945
1522 1545 1122
1522 1546 1123
1522 1547 1154
1522 1548 1166
1522 1549 1167
1522 1550 1169
1522 1551 1170
1522 1552 1172
1522 1553 1207
1522 1554 1231
1522 1555 1233
1522 1556 1241
1522 1557 1243
1522 1558 1244
1522 1559 1245
1522 1560 1252
1522 1561 1253
1522 1562 1269
1522 1563 1282
1522 1564 1285
1522 1565 1327
1522 1566 1378
1522 1567 1379
1522 1568 1392
1522 1569 1442
1522 1570 1444
1522 1571 1448
1522 1572 1508
1522 1573 1597
1522 1574 1658
1522 1575 1683
1522 1576 1696
1522 1577 1702
1522 1578 1763
1522 1579 1819
1522 1580 1850
1522 1581 2125
1522 1582 2255
1522 1583 3293
1522 1584 3744
43 1585 
1585 1586 149
1585 1587 152
1585 1588 265
1585 1589 422
1585 1590 482
1585 1591 669
1585 1592 933
1585 1593 1088
1585 1594 1188
1585 1595 1326
1585 1596 1428
1585 1597 1459
1585 1598 1460
1585 1599 1465
1585 1600 1600
1585 1601 1725
1585 1602 1726
1585 1603 1807
1585 1604 1873
1585 1605 1955
1585 1606 2127
1585 1607 2145
1585 1608 2253
1585 1609 2254
1585 1610 2290
1585 1611 2391
1585 1612 2550
1585 1613 2595
1585 1614 2617
1585 1615 2624
1585 1616 2626
1585 1617 2632
1585 1618 2649
1585 1619 2653
1585 1620 2707
1585 1621 2800
1585 1622 2801
1585 1623 2846
1585 1624 2847
1585 1625 2945
1585 1626 2946
1585 1627 2974
1585 1628 2989
1585 1629 2999
1585 1630 3027
1585 1631 3078
1585 1632 3094
1585 1633 3114
1585 1634 3126
1585 1635 3128
1585 1636 3131
1585 1637 3218
1585 1638 3249
1585 1639 3264
1585 1640 3373
1585 1641 3832
1585 1642 3833
1585 1643 3853
1585 1644 3863
1585 1645 3864
1585 1646 3868
1585 1647 3882
1585 1648 3934
43 1649 
1649 1650 115
1649 1651 173
1649 1652 408
1649 1653 465
1649 1654 472
1649 1655 592
1649 1656 595
1649 1657 603
1649 1658 617
1649 1659 629
1649 1660 678
1649 1661 694
1649 1662 841
1649 1663 864
1649 1664 866
1649 1665 871
1649 1666 872
1649 1667 904
1649 1668 917
1649 1669 918
1649 1670 919
1649 1671 920
1649 1672 922
1649 1673 923
1649 1674 949
1649 1675 1015
1649 1676 1016
1649 1677 1019
1649 1678 1054
1649 1679 1055
1649 1680 1085
1649 1681 1099
1649 1682 1109
1649 1683 1165
1649 1684 1214
1649 1685 1230
1649 1686 1267
1649 1687 1283
1649 1688 1359
1649 1689 1409
1649 1690 1429
1649 1691 1438
1649 1692 1630
1649 1693 1716
1649 1694 1721
1649 1695 1779
1649 1696 1795
1649 1697 1968
1649 1698 1969
1649 1699 2019
1649 1700 2197
1649 1701 2296
1649 1702 2681
1649 1703 2720
1649 1704 3008
1649 1705 3029
1649 1706 3162
1649 1707 3165
1649 1708 3378
1649 1709 3513
1649 1710 3735
1649 1711 3811
44 1712 
1712 1713 20
1712 1714 26
1712 1715 126
1712 1716 127
1712 1717 130
1712 1718 148
1712 1719 191
1712 1720 247
1712 1721 292
1712 1722 293
1712 1723 329
1712 1724 330
1712 1725 336
1712 1726 379
1712 1727 380
1712 1728 434
1712 1729 435
1712 1730 576
1712 1731 589
1712 1732 691
1712 1733 777
1712 1734 865
1712 1735 921
1712 1736 936
1712 1737 947
1712 1738 952
1712 1739 958
1712 1740 962
1712 1741 964
1712 1742 988
1712 1743 1022
1712 1744 1094
1712 1745 1134
1712 1746 1182
1712 1747 1278
1712 1748 1298
1712 1749 1313
1712 1750 1336
1712 1751 1372
1712 1752 1405
1712 1753 1447
1712 1754 1474
1712 1755 1548
1712 1756 1549
1712 1757 1598
1712 1758 1613
1712 1759 1627
1712 1760 1753
1712 1761 2173
1712 1762 2199
1712 1763 2250
1712 1764 2289
1712 1765 2337
1712 1766 2365
1712 1767 2593
1712 1768 2956
1712 1769 3336
1712 1770 3514
1712 1771 3605
1712 1772 3805
1712 1773 3810
1712 1774 3834
1712 1775 3888
44 1776 
1776 1777 172
1776 1778 288
1776 1779 304
1776 1780 305
1776 1781 388
1776 1782 473
1776 1783 534
1776 1784 692
1776 1785 695
1776 1786 827
1776 1787 902
1776 1788 903
1776 1789 959
1776 1790 1005
1776 1791 1006
1776 1792 1113
1776 1793 1120
1776 1794 1155
1776 1795 1258
1776 1796 1304
1776 1797 1324
1776 1798 1328
1776 1799 1411
1776 1800 1517
1776 1801 1526
1776 1802 1707
1776 1803 1812
1776 1804 2114
1776 1805 2412
1776 1806 2495
1776 1807 2522
1776 1808 2562
1776 1809 2660
1776 1810 2728
1776 1811 2730
1776 1812 2732
1776 1813 2796
1776 1814 2873
1776 1815 2898
1776 1816 2969
1776 1817 2976
1776 1818 3277
1776 1819 3342
1776 1820 3407
1776 1821 3408
1776 1822 3474
1776 1823 3553
1776 1824 3769
1776 1825 3859
1776 1826 3885
1776 1827 3894
1776 1828 3898
1776 1829 3900
1776 1830 3903
1776 1831 3904
1776 1832 3913
1776 1833 3915
1776 1834 3941
1776 1835 3943
1776 1836 3954
1776 1837 3969
1776 1838 3972
45 1839 
1839 1840 25
1839 1841 31
1839 1842 39
1839 1843 299
1839 1844 353
1839 1845 419
1839 1846 420
1839 1847 421
1839 1848 443
1839 1849 515
1839 1850 523
1839 1851 532
1839 1852 535
1839 1853 573
1839 1854 624
1839 1855 653
1839 1856 654
1839 1857 674
1839 1858 686
1839 1859 693
1839 1860 724
1839 1861 731
1839 1862 732
1839 1863 733
1839 1864 739
1839 1865 741
1839 1866 801
1839 1867 802
1839 1868 844
1839 1869 845
1839 1870 868
1839 1871 874
1839 1872 881
1839 1873 890
1839 1874 939
1839 1875 989
1839 1876 1010
1839 1877 1060
1839 1878 1102
1839 1879 1103
1839 1880 1190
1839 1881 1201
1839 1882 1256
1839 1883 1297
1839 1884 1425
1839 1885 1426
1839 1886 1430
1839 1887 1431
1839 1888 1446
1839 1889 1455
1839 1890 1484
1839 1891 1574
1839 1892 1666
1839 1893 1705
1839 1894 1762
1839 1895 1800
1839 1896 1828
1839 1897 2093
1839 1898 2973
1839 1899 3549
1839 1900 3588
1839 1901 3841
1839 1902 3854
45 1903 
1903 1904 23
1903 1905 119
1903 1906 273
1903 1907 317
1903 1908 331
1903 1909 571
1903 1910 572
1903 1911 574
1903 1912 651
1903 1913 655
1903 1914 681
1903 1915 689
1903 1916 725
1903 1917 726
1903 1918 727
1903 1919 728
1903 1920 730
1903 1921 830
1903 1922 835
1903 1923 836
1903 1924 837
1903 1925 838
1903 1926 839
1903 1927 842
1903 1928 843
1903 1929 857
1903 1930 858
1903 1931 884
1903 1932 970
1903 1933 1036
1903 1934 1037
1903 1935 1086
1903 1936 1087
1903 1937 1101
1903 1938 1110
1903 1939 1111
1903 1940 1215
1903 1941 1216
1903 1942 1333
1903 1943 1381
1903 1944 1388
1903 1945 1453
1903 1946 1503
1903 1947 1562
1903 1948 1586
1903 1949 1599
1903 1950 1622
1903 1951 1672
1903 1952 1766
1903 1953 1792
1903 1954 1876
1903 1955 1877
1903 1956 2332
1903 1957 2339
1903 1958 2628
1903 1959 3376
1903 1960 3379
1903 1961 3656
1903 1962 3665
1903 1963 3889
1903 1964 3893
1903 1965 3919
46 1966 
1966 1967 190
1966 1968 222
1966 1969 335
1966 1970 337
1966 1971 466
1966 1972 716
1966 1973 717
1966 1974 718
1966 1975 1035
1966 1976 1079
1966 1977 1171
1966 1978 1343
1966 1979 1344
1966 1980 1371
1966 1981 1377
1966 1982 1400
1966 1983 1402
1966 1984 1418
1966 1985 1462
1966 1986 1544
1966 1987 1568
1966 1988 1623
1966 1989 1699
1966 1990 1751
1966 1991 1801
1966 1992 1802
1966 1993 1803
1966 1994 2079
1966 1995 2196
1966 1996 2252
1966 1997 2387
1966 1998 2791
1966 1999 2845
1966 2000 3127
1966 2001 3295
1966 2002 3309
1966 2003 3321
1966 2004 3343
1966 2005 3348
1966 2006 3358
1966 2007 3366
1966 2008 3369
1966 2009 3383
1966 2010 3401
1966 2011 3402
1966 2012 3403
1966 2013 3404
1966 2014 3409
1966 2015 3415
1966 2016 3421
1966 2017 3465
1966 2018 3466
1966 2019 3491
1966 2020 3654
1966 2021 3734
1966 2022 3782
1966 2023 3806
1966 2024 3807
1966 2025 3808
1966 2026 3828
1966 2027 3866
1966 2028 3971
46 2029 
2029 2030 67
2029 2031 103
2029 2032 128
2029 2033 165
2029 2034 166
2029 2035 168
2029 2036 263
2029 2037 298
2029 2038 399
2029 2039 531
2029 2040 543
2029 2041 575
2029 2042 591
2029 2043 596
2029 2044 598
2029 2045 599
2029 2046 647
2029 2047 682
2029 2048 685
2029 2049 687
2029 2050 688
2029 2051 737
2029 2052 738
2029 2053 840
2029 2054 849
2029 2055 889
2029 2056 906
2029 2057 937
2029 2058 974
2029 2059 992
2029 2060 1084
2029 2061 1092
2029 2062 1093
2029 2063 1107
2029 2064 1112
2029 2065 1137
2029 2066 1202
2029 2067 1204
2029 2068 1299
2029 2069 1300
2029 2070 1301
2029 2071 1346
2029 2072 1355
2029 2073 1356
2029 2074 1357
2029 2075 1404
2029 2076 1450
2029 2077 1451
2029 2078 1456
2029 2079 1464
2029 2080 1487
2029 2081 1501
2029 2082 1608
2029 2083 1609
2029 2084 1679
2029 2085 1684
2029 2086 1758
2029 2087 1765
2029 2088 2372
2029 2089 3437
2029 2090 3584
2029 2091 3628
47 2092 
2092 2093 239
2092 2094 255
2092 2095 454
2092 2096 455
2092 2097 464
2092 2098 562
2092 2099 621
2092 2100 744
2092 2101 796
2092 2102 1090
2092 2103 1145
2092 2104 1295
2092 2105 1316
2092 2106 1413
2092 2107 1509
2092 2108 1581
2092 2109 1582
2092 2110 1583
2092 2111 1616
2092 2112 1676
2092 2113 1678
2092 2114 1885
2092 2115 1886
2092 2116 1887
2092 2117 1943
2092 2118 1971
2092 2119 2011
2092 2120 2025
2092 2121 2137
2092 2122 2206
2092 2123 2265
2092 2124 2266
2092 2125 2468
2092 2126 2700
2092 2127 2784
2092 2128 2863
2092 2129 2864
2092 2130 2921
2092 2131 2922
2092 2132 2926
2092 2133 2934
2092 2134 2977
2092 2135 3244
2092 2136 3273
2092 2137 3319
2092 2138 3429
2092 2139 3433
2092 2140 3450
2092 2141 3497
2092 2142 3507
2092 2143 3579
2092 2144 3627
2092 2145 3680
2092 2146 3694
2092 2147 3695
2092 2148 3713
2092 2149 3730
2092 2150 3779
2092 2151 3830
2092 2152 3895
2092 2153 3896
2092 2154 3945
2092 2155 3947
47 2156 
2156 2157 164
2156 2158 518
2156 2159 556
2156 2160 645
2156 2161 650
2156 2162 713
2156 2163 752
2156 2164 1068
2156 2165 1098
2156 2166 1160
2156 2167 1259
2156 2168 1317
2156 2169 1475
2156 2170 1564
2156 2171 1810
2156 2172 1844
2156 2173 1899
2156 2174 2102
2156 2175 2158
2156 2176 2203
2156 2177 2207
2156 2178 2232
2156 2179 2260
2156 2180 2448
2156 2181 2467
2156 2182 2806
2156 2183 2814
2156 2184 2981
2156 2185 3006
2156 2186 3043
2156 2187 3044
2156 2188 3129
2156 2189 3133
2156 2190 3178
2156 2191 3189
2156 2192 3192
2156 2193 3196
2156 2194 3214
2156 2195 3280
2156 2196 3281
2156 2197 3308
2156 2198 3430
2156 2199 3438
2156 2200 3456
2156 2201 3496
2156 2202 3499
2156 2203 3571
2156 2204 3660
2156 2205 3668
2156 2206 3669
2156 2207 3688
2156 2208 3703
2156 2209 3712
2156 2210 3739
2156 2211 3745
2156 2212 3753
2156 2213 3758
2156 2214 3759
2156 2215 3799
2156 2216 3837
2156 2217 3869
2156 2218 3877
48 2219 
2219 2220 497
2219 2221 1039
2219 2222 1108
2219 2223 1168
2219 2224 1232
2219 2225 1268
2219 2226 1529
2219 2227 1695
2219 2228 1841
2219 2229 1882
2219 2230 1883
2219 2231 1884
2219 2232 1888
2219 2233 1945
2219 2234 1972
2219 2235 1973
2219 2236 1974
2219 2237 2012
2219 2238 2054
2219 2239 2123
2219 2240 2124
2219 2241 2165
2219 2242 2219
2219 2243 2224
2219 2244 2244
2219 2245 2304
2219 2246 2309
2219 2247 2434
2219 2248 2469
2219 2249 2494
2219 2250 2502
2219 2251 2549
2219 2252 2623
2219 2253 2638
2219 2254 2838
2219 2255 2839
2219 2256 2888
2219 2257 2919
2219 2258 2955
2219 2259 2970
2219 2260 2971
2219 2261 2972
2219 2262 3001
2219 2263 3002
2219 2264 3028
2219 2265 3045
2219 2266 3119
2219 2267 3130
2219 2268 3184
2219 2269 3194
2219 2270 3262
2219 2271 3317
2219 2272 3318
2219 2273 3323
2219 2274 3517
2219 2275 3557
2219 2276 3601
2219 2277 3639
2219 2278 3738
2219 2279 3761
2219 2280 3780
2219 2281 3789
2219 2282 3818
48 2283 
2283 2284 220
2283 2285 223
2283 2286 256
2283 2287 312
2283 2288 512
2283 2289 514
2283 2290 524
2283 2291 745
2283 2292 1049
2283 2293 1064
2283 2294 1125
2283 2295 1421
2283 2296 1422
2283 2297 1463
2283 2298 1506
2283 2299 1530
2283 2300 1547
2283 2301 1747
2283 2302 1845
2283 2303 1849
2283 2304 1856
2283 2305 1866
2283 2306 1895
2283 2307 1896
2283 2308 1921
2283 2309 1946
2283 2310 2048
2283 2311 2056
2283 2312 2141
2283 2313 2142
2283 2314 2147
2283 2315 2148
2283 2316 2155
2283 2317 2157
2283 2318 2168
2283 2319 2506
2283 2320 2533
2283 2321 2534
2283 2322 2572
2283 2323 2684
2283 2324 2854
2283 2325 2855
2283 2326 2856
2283 2327 2874
2283 2328 2897
2283 2329 2930
2283 2330 3185
2283 2331 3191
2283 2332 3204
2283 2333 3216
2283 2334 3217
2283 2335 3291
2283 2336 3339
2283 2337 3375
2283 2338 3460
2283 2339 3485
2283 2340 3742
2283 2341 3743
2283 2342 3843
2283 2343 3949
2283 2344 3961
2283 2345 3990
49 2346 
2346 2347 68
2346 2348 505
2346 2349 555
2346 2350 614
2346 2351 1075
2346 2352 1209
2346 2353 1310
2346 2354 1505
2346 2355 1532
2346 2356 1551
2346 2357 1575
2346 2358 1633
2346 2359 1634
2346 2360 1728
2346 2361 1737
2346 2362 1738
2346 2363 1740
2346 2364 1818
2346 2365 1965
2346 2366 1966
2346 2367 2268
2346 2368 2310
2346 2369 2648
2346 2370 2678
2346 2371 2717
2346 2372 2963
2346 2373 3034
2346 2374 3138
2346 2375 3148
2346 2376 3156
2346 2377 3158
2346 2378 3208
2346 2379 3230
2346 2380 3232
2346 2381 3243
2346 2382 3245
2346 2383 3259
2346 2384 3261
2346 2385 3263
2346 2386 3269
2346 2387 3270
2346 2388 3271
2346 2389 3306
2346 2390 3307
2346 2391 3329
2346 2392 3492
2346 2393 3510
2346 2394 3529
2346 2395 3580
2346 2396 3658
2346 2397 3683
2346 2398 3716
2346 2399 3798
2346 2400 3881
2346 2401 3890
2346 2402 3891
2346 2403 3950
2346 2404 3977
2346 2405 3980
2346 2406 3981
2346 2407 3982
2346 2408 3984
2346 2409 3985
49 2410 
2410 2411 664
2410 2412 1011
2410 2413 1318
2410 2414 1366
2410 2415 1552
2410 2416 1639
2410 2417 1640
2410 2418 1749
2410 2419 1823
2410 2420 1894
2410 2421 1900
2410 2422 1962
2410 2423 2156
2410 2424 2169
2410 2425 2237
2410 2426 2269
2410 2427 2303
2410 2428 2556
2410 2429 2603
2410 2430 2657
2410 2431 2689
2410 2432 2709
2410 2433 2850
2410 2434 2851
2410 2435 3147
2410 2436 3150
2410 2437 3151
2410 2438 3197
2410 2439 3241
2410 2440 3305
2410 2441 3332
2410 2442 3352
2410 2443 3374
2410 2444 3381
2410 2445 3386
2410 2446 3412
2410 2447 3413
2410 2448 3414
2410 2449 3457
2410 2450 3458
2410 2451 3470
2410 2452 3478
2410 2453 3493
2410 2454 3515
2410 2455 3538
2410 2456 3567
2410 2457 3568
2410 2458 3569
2410 2459 3615
2410 2460 3616
2410 2461 3647
2410 2462 3648
2410 2463 3671
2410 2464 3690
2410 2465 3797
2410 2466 3801
2410 2467 3802
2410 2468 3803
2410 2469 3804
2410 2470 3809
2410 2471 3813
2410 2472 3880
50 2473 
2473 2474 214
2473 2475 365
2473 2476 403
2473 2477 404
2473 2478 593
2473 2479 714
2473 2480 851
2473 2481 965
2473 2482 986
2473 2483 1193
2473 2484 1312
2473 2485 1513
2473 2486 1533
2473 2487 1534
2473 2488 1537
2473 2489 1538
2473 2490 1539
2473 2491 1553
2473 2492 1554
2473 2493 1555
2473 2494 1556
2473 2495 1563
2473 2496 1629
2473 2497 1652
2473 2498 1653
2473 2499 1734
2473 2500 2164
2473 2501 2785
2473 2502 2877
2473 2503 2917
2473 2504 2918
2473 2505 2991
2473 2506 3030
2473 2507 3141
2473 2508 3149
2473 2509 3175
2473 2510 3176
2473 2511 3209
2473 2512 3242
2473 2513 3304
2473 2514 3359
2473 2515 3360
2473 2516 3363
2473 2517 3428
2473 2518 3432
2473 2519 3435
2473 2520 3455
2473 2521 3503
2473 2522 3511
2473 2523 3524
2473 2524 3528
2473 2525 3551
2473 2526 3552
2473 2527 3606
2473 2528 3644
2473 2529 3765
2473 2530 3772
2473 2531 3792
2473 2532 3800
2473 2533 3816
2473 2534 3876
2473 2535 3987
50 2536 
2536 2537 7
2536 2538 405
2536 2539 511
2536 2540 619
2536 2541 635
2536 2542 702
2536 2543 1003
2536 2544 1069
2536 2545 1071
2536 2546 1311
2536 2547 1461
2536 2548 1735
2536 2549 2258
2536 2550 2364
2536 2551 2409
2536 2552 2532
2536 2553 2546
2536 2554 2650
2536 2555 2957
2536 2556 2960
2536 2557 2990
2536 2558 3031
2536 2559 3033
2536 2560 3067
2536 2561 3069
2536 2562 3135
2536 2563 3159
2536 2564 3160
2536 2565 3170
2536 2566 3171
2536 2567 3172
2536 2568 3173
2536 2569 3177
2536 2570 3183
2536 2571 3198
2536 2572 3221
2536 2573 3222
2536 2574 3231
2536 2575 3236
2536 2576 3238
2536 2577 3239
2536 2578 3282
2536 2579 3299
2536 2580 3362
2536 2581 3367
2536 2582 3370
2536 2583 3371
2536 2584 3372
2536 2585 3431
2536 2586 3454
2536 2587 3486
2536 2588 3504
2536 2589 3508
2536 2590 3509
2536 2591 3566
2536 2592 3574
2536 2593 3646
2536 2594 3823
2536 2595 3873
2536 2596 3931
2536 2597 3932
2536 2598 3933
51 2599 
2599 2600 0
2599 2601 568
2599 2602 569
2599 2603 877
2599 2604 951
2599 2605 1033
2599 2606 1115
2599 2607 1144
2599 2608 1236
2599 2609 1250
2599 2610 1261
2599 2611 1262
2599 2612 1361
2599 2613 1477
2599 2614 1531
2599 2615 1588
2599 2616 1701
2599 2617 1942
2599 2618 2046
2599 2619 2192
2599 2620 2291
2599 2621 2292
2599 2622 2293
2599 2623 2327
2599 2624 2508
2599 2625 2557
2599 2626 2558
2599 2627 2573
2599 2628 2607
2599 2629 2705
2599 2630 2818
2599 2631 2819
2599 2632 2890
2599 2633 2891
2599 2634 2925
2599 2635 2929
2599 2636 3118
2599 2637 3121
2599 2638 3144
2599 2639 3164
2599 2640 3234
2599 2641 3340
2599 2642 3353
2599 2643 3354
2599 2644 3355
2599 2645 3356
2599 2646 3377
2599 2647 3536
2599 2648 3573
2599 2649 3576
2599 2650 3577
2599 2651 3594
2599 2652 3596
2599 2653 3697
2599 2654 3698
2599 2655 3699
2599 2656 3719
2599 2657 3926
2599 2658 3964
2599 2659 3973
2599 2660 3974
2599 2661 3976
2599 2662 3983
51 2663 
2663 2664 11
2663 2665 12
2663 2666 481
2663 2667 542
2663 2668 855
2663 2669 1048
2663 2670 1242
2663 2671 1470
2663 2672 1656
2663 2673 1677
2663 2674 1782
2663 2675 1784
2663 2676 1798
2663 2677 1820
2663 2678 1842
2663 2679 1931
2663 2680 1985
2663 2681 2001
2663 2682 2083
2663 2683 2121
2663 2684 2150
2663 2685 2161
2663 2686 2166
2663 2687 2189
2663 2688 2300
2663 2689 2394
2663 2690 2428
2663 2691 2446
2663 2692 2544
2663 2693 2545
2663 2694 2591
2663 2695 2592
2663 2696 2597
2663 2697 2609
2663 2698 2621
2663 2699 2629
2663 2700 2640
2663 2701 2673
2663 2702 2702
2663 2703 2727
2663 2704 2739
2663 2705 2792
2663 2706 2842
2663 2707 2843
2663 2708 2852
2663 2709 2889
2663 2710 2893
2663 2711 2894
2663 2712 2895
2663 2713 2896
2663 2714 2912
2663 2715 2923
2663 2716 2965
2663 2717 3009
2663 2718 3215
2663 2719 3219
2663 2720 3247
2663 2721 3248
2663 2722 3357
2663 2723 3597
2663 2724 3767
2663 2725 3978
52 2726 
2726 2727 754
2726 2728 756
2726 2729 757
2726 2730 915
2726 2731 954
2726 2732 1066
2726 2733 1067
2726 2734 1091
2726 2735 1205
2726 2736 1206
2726 2737 1208
2726 2738 1229
2726 2739 1280
2726 2740 1415
2726 2741 1433
2726 2742 1523
2726 2743 1585
2726 2744 1592
2726 2745 1682
2726 2746 1910
2726 2747 2049
2726 2748 2585
2726 2749 2663
2726 2750 2759
2726 2751 2767
2726 2752 2768
2726 2753 2816
2726 2754 2817
2726 2755 2942
2726 2756 3143
2726 2757 3145
2726 2758 3146
2726 2759 3202
2726 2760 3203
2726 2761 3211
2726 2762 3267
2726 2763 3268
2726 2764 3303
2726 2765 3314
2726 2766 3322
2726 2767 3324
2726 2768 3396
2726 2769 3494
2726 2770 3506
2726 2771 3532
2726 2772 3540
2726 2773 3575
2726 2774 3649
2726 2775 3651
2726 2776 3652
2726 2777 3718
2726 2778 3720
2726 2779 3722
2726 2780 3793
2726 2781 3952
2726 2782 3953
2726 2783 3960
2726 2784 3967
2726 2785 3970
2726 2786 3975
2726 2787 3986
2726 2788 3988
2726 2789 3989
52 2790 
2790 2791 183
2790 2792 394
2790 2793 395
2790 2794 503
2790 2795 504
2790 2796 506
2790 2797 604
2790 2798 605
2790 2799 606
2790 2800 820
2790 2801 953
2790 2802 1040
2790 2803 1225
2790 2804 1354
2790 2805 1468
2790 2806 1686
2790 2807 1687
2790 2808 1874
2790 2809 1932
2790 2810 2050
2790 2811 2278
2790 2812 2297
2790 2813 2298
2790 2814 2299
2790 2815 2367
2790 2816 2373
2790 2817 2586
2790 2818 2590
2790 2819 2802
2790 2820 3152
2790 2821 3153
2790 2822 3325
2790 2823 3334
2790 2824 3335
2790 2825 3387
2790 2826 3389
2790 2827 3420
2790 2828 3572
2790 2829 3592
2790 2830 3593
2790 2831 3650
2790 2832 3653
2790 2833 3721
2790 2834 3736
2790 2835 3812
2790 2836 3916
2790 2837 3917
2790 2838 3944
2790 2839 3946
2790 2840 3948
2790 2841 3951
2790 2842 3955
2790 2843 3956
2790 2844 3958
2790 2845 3959
2790 2846 3962
2790 2847 3963
2790 2848 3965
2790 2849 3966
2790 2850 3968
2790 2851 3991
2790 2852 3992
53 2853 
2853 2854 1
2853 2855 6
2853 2856 9
2853 2857 16
2853 2858 17
2853 2859 27
2853 2860 117
2853 2861 134
2853 2862 137
2853 2863 156
2853 2864 157
2853 2865 194
2853 2866 231
2853 2867 267
2853 2868 287
2853 2869 291
2853 2870 364
2853 2871 423
2853 2872 536
2853 2873 538
2853 2874 583
2853 2875 587
2853 2876 588
2853 2877 642
2853 2878 648
2853 2879 711
2853 2880 783
2853 2881 784
2853 2882 860
2853 2883 878
2853 2884 886
2853 2885 888
2853 2886 898
2853 2887 976
2853 2888 978
2853 2889 1007
2853 2890 1156
2853 2891 1161
2853 2892 1522
2853 2893 1573
2853 2894 1739
2853 2895 1772
2853 2896 1816
2853 2897 1843
2853 2898 2149
2853 2899 2226
2853 2900 2294
2853 2901 2368
2853 2902 2399
2853 2903 2407
2853 2904 2479
2853 2905 2618
2853 2906 2686
2853 2907 2687
2853 2908 2690
2853 2909 2821
2853 2910 3048
2853 2911 3265
2853 2912 3338
2853 2913 3390
2853 2914 3581
2853 2915 3852
2853 2916 3935
53 2917 
2917 2918 14
2917 2919 22
2917 2920 32
2917 2921 101
2917 2922 110
2917 2923 193
2917 2924 234
2917 2925 235
2917 2926 332
2917 2927 348
2917 2928 383
2917 2929 386
2917 2930 387
2917 2931 416
2917 2932 417
2917 2933 441
2917 2934 442
2917 2935 565
2917 2936 649
2917 2937 765
2917 2938 892
2917 2939 999
2917 2940 1001
2917 2941 1002
2917 2942 1012
2917 2943 1065
2917 2944 1116
2917 2945 1263
2917 2946 1419
2917 2947 1500
2917 2948 1527
2917 2949 1637
2917 2950 1638
2917 2951 1641
2917 2952 1770
2917 2953 1813
2917 2954 1901
2917 2955 1902
2917 2956 2040
2917 2957 2082
2917 2958 2160
2917 2959 2314
2917 2960 2447
2917 2961 2553
2917 2962 2569
2917 2963 2613
2917 2964 2662
2917 2965 2679
2917 2966 2761
2917 2967 2882
2917 2968 2939
2917 2969 3391
2917 2970 3392
2917 2971 3419
2917 2972 3570
2917 2973 3715
2917 2974 3726
2917 2975 3776
2917 2976 3844
2917 2977 3855
2917 2978 3856
2917 2979 3883
54 2980 
2980 2981 147
2980 2982 254
2980 2983 652
2980 2984 699
2980 2985 973
2980 2986 985
2980 2987 987
2980 2988 1070
2980 2989 1072
2980 2990 1077
2980 2991 1153
2980 2992 1542
2980 2993 1561
2980 2994 1612
2980 2995 1628
2980 2996 1651
2980 2997 1736
2980 2998 1863
2980 2999 2045
2980 3000 2162
2980 3001 2215
2980 3002 2248
2980 3003 2324
2980 3004 2516
2980 3005 2639
2980 3006 2713
2980 3007 2825
2980 3008 2829
2980 3009 2931
2980 3010 2932
2980 3011 2961
2980 3012 2962
2980 3013 2968
2980 3014 2988
2980 3015 3117
2980 3016 3206
2980 3017 3233
2980 3018 3235
2980 3019 3237
2980 3020 3289
2980 3021 3326
2980 3022 3327
2980 3023 3331
2980 3024 3368
2980 3025 3479
2980 3026 3525
2980 3027 3554
2980 3028 3556
2980 3029 3578
2980 3030 3591
2980 3031 3645
2980 3032 3684
2980 3033 3685
2980 3034 3733
2980 3035 3824
2980 3036 3850
2980 3037 3851
2980 3038 3878
2980 3039 3879
2980 3040 3884
2980 3041 3914
2980 3042 3928
54 3043 
3043 3044 5
3043 3045 167
3043 3046 374
3043 3047 393
3043 3048 519
3043 3049 560
3043 3050 577
3043 3051 640
3043 3052 715
3043 3053 764
3043 3054 900
3043 3055 912
3043 3056 913
3043 3057 914
3043 3058 984
3043 3059 1052
3043 3060 1063
3043 3061 1187
3043 3062 1226
3043 3063 1227
3043 3064 1251
3043 3065 1307
3043 3066 1408
3043 3067 1435
3043 3068 1436
3043 3069 1499
3043 3070 1647
3043 3071 1659
3043 3072 1694
3043 3073 1719
3043 3074 1867
3043 3075 1909
3043 3076 2042
3043 3077 2047
3043 3078 2103
3043 3079 2218
3043 3080 2221
3043 3081 2233
3043 3082 2599
3043 3083 2622
3043 3084 2652
3043 3085 2671
3043 3086 2715
3043 3087 2716
3043 3088 2815
3043 3089 2824
3043 3090 2827
3043 3091 2871
3043 3092 2967
3043 3093 3154
3043 3094 3179
3043 3095 3229
3043 3096 3246
3043 3097 3328
3043 3098 3388
3043 3099 3395
3043 3100 3498
3043 3101 3599
3043 3102 3655
3043 3103 3790
3043 3104 3927
3043 3105 3929
55 3106 
3106 3107 201
3106 3108 1265
3106 3109 1890
3106 3110 2065
3106 3111 2176
3106 3112 2371
3106 3113 2383
3106 3114 2405
3106 3115 2461
3106 3116 2488
3106 3117 2511
3106 3118 2523
3106 3119 2636
3106 3120 2645
3106 3121 2661
3106 3122 2755
3106 3123 2830
3106 3124 2941
3106 3125 2951
3106 3126 2953
3106 3127 3007
3106 3128 3010
3106 3129 3063
3106 3130 3064
3106 3131 3081
3106 3132 3095
3106 3133 3104
3106 3134 3106
3106 3135 3109
3106 3136 3112
3106 3137 3167
3106 3138 3439
3106 3139 3441
3106 3140 3442
3106 3141 3487
3106 3142 3620
3106 3143 3631
3106 3144 3633
3106 3145 3634
3106 3146 3677
3106 3147 3678
3106 3148 3679
3106 3149 3681
3106 3150 3687
3106 3151 3689
3106 3152 3701
3106 3153 3711
3106 3154 3717
3106 3155 3723
3106 3156 3724
3106 3157 3725
3106 3158 3727
3106 3159 3728
3106 3160 3729
3106 3161 3737
3106 3162 3740
3106 3163 3749
3106 3164 3752
3106 3165 3755
3106 3166 3760
3106 3167 3766
3106 3168 3770
3106 3169 3771
55 3170 
3170 3171 672
3170 3172 1891
3170 3173 2276
3170 3174 2354
3170 3175 2386
3170 3176 2438
3170 3177 2822
3170 3178 2849
3170 3179 2952
3170 3180 3036
3170 3181 3062
3170 3182 3065
3170 3183 3066
3170 3184 3074
3170 3185 3075
3170 3186 3076
3170 3187 3077
3170 3188 3079
3170 3189 3080
3170 3190 3082
3170 3191 3083
3170 3192 3084
3170 3193 3085
3170 3194 3086
3170 3195 3087
3170 3196 3088
3170 3197 3089
3170 3198 3090
3170 3199 3091
3170 3200 3092
3170 3201 3093
3170 3202 3096
3170 3203 3098
3170 3204 3099
3170 3205 3100
3170 3206 3101
3170 3207 3102
3170 3208 3103
3170 3209 3105
3170 3210 3107
3170 3211 3111
3170 3212 3113
3170 3213 3115
3170 3214 3547
3170 3215 3608
3170 3216 3610
3170 3217 3611
3170 3218 3612
3170 3219 3613
3170 3220 3617
3170 3221 3619
3170 3222 3621
3170 3223 3622
3170 3224 3623
3170 3225 3624
3170 3226 3625
3170 3227 3629
3170 3228 3630
3170 3229 3632
3170 3230 3636
3170 3231 3637
3170 3232 3638
56 3233 
3233 3234 414
3233 3235 1211
3233 3236 1275
3233 3237 1276
3233 3238 1277
3233 3239 1329
3233 3240 1331
3233 3241 1332
3233 3242 2006
3233 3243 2182
3233 3244 2184
3233 3245 2200
3233 3246 2228
3233 3247 2271
3233 3248 2455
3233 3249 2524
3233 3250 2542
3233 3251 2554
3233 3252 2580
3233 3253 2581
3233 3254 2774
3233 3255 2775
3233 3256 2820
3233 3257 2954
3233 3258 2997
3233 3259 3013
3233 3260 3014
3233 3261 3015
3233 3262 3016
3233 3263 3017
3233 3264 3018
3233 3265 3019
3233 3266 3020
3233 3267 3021
3233 3268 3022
3233 3269 3023
3233 3270 3024
3233 3271 3025
3233 3272 3038
3233 3273 3039
3233 3274 3040
3233 3275 3041
3233 3276 3042
3233 3277 3049
3233 3278 3050
3233 3279 3051
3233 3280 3052
3233 3281 3053
3233 3282 3054
3233 3283 3057
3233 3284 3058
3233 3285 3059
3233 3286 3060
3233 3287 3068
3233 3288 3070
3233 3289 3071
3233 3290 3169
3233 3291 3193
3233 3292 3205
3233 3293 3468
3233 3294 3471
3233 3295 3477
3233 3296 3537
56 3297 
3297 3298 1330
3297 3299 2060
3297 3300 2074
3297 3301 2107
3297 3302 2119
3297 3303 2122
3297 3304 2139
3297 3305 2170
3297 3306 2202
3297 3307 2209
3297 3308 2227
3297 3309 2234
3297 3310 2249
3297 3311 2259
3297 3312 2267
3297 3313 2275
3297 3314 2286
3297 3315 2311
3297 3316 2312
3297 3317 2352
3297 3318 2358
3297 3319 2415
3297 3320 2417
3297 3321 2429
3297 3322 2471
3297 3323 2492
3297 3324 2538
3297 3325 2560
3297 3326 2564
3297 3327 2576
3297 3328 2654
3297 3329 2656
3297 3330 2670
3297 3331 2672
3297 3332 2685
3297 3333 2708
3297 3334 2718
3297 3335 2736
3297 3336 2764
3297 3337 2770
3297 3338 2771
3297 3339 2781
3297 3340 2794
3297 3341 2795
3297 3342 2797
3297 3343 2804
3297 3344 2823
3297 3345 2858
3297 3346 2879
3297 3347 2881
3297 3348 2885
3297 3349 2933
3297 3350 2936
3297 3351 2937
3297 3352 3480
3297 3353 3481
3297 3354 3482
3297 3355 3522
3297 3356 3657
3297 3357 3673
3297 3358 3674
3297 3359 3778
57 3360 
3360 3361 192
3360 3362 248
3360 3363 366
3360 3364 375
3360 3365 377
3360 3366 469
3360 3367 486
3360 3368 520
3360 3369 537
3360 3370 602
3360 3371 916
3360 3372 1045
3360 3373 1164
3360 3374 1180
3360 3375 1393
3360 3376 1621
3360 3377 1636
3360 3378 1848
3360 3379 1908
3360 3380 2023
3360 3381 2061
3360 3382 2116
3360 3383 2117
3360 3384 2118
3360 3385 2163
3360 3386 2193
3360 3387 2201
3360 3388 2208
3360 3389 2241
3360 3390 2262
3360 3391 2263
3360 3392 2270
3360 3393 2355
3360 3394 2379
3360 3395 2414
3360 3396 2424
3360 3397 2463
3360 3398 2504
3360 3399 2517
3360 3400 2521
3360 3401 2570
3360 3402 2571
3360 3403 2588
3360 3404 2615
3360 3405 2743
3360 3406 2807
3360 3407 2834
3360 3408 2837
3360 3409 3026
3360 3410 3134
3360 3411 3200
3360 3412 3272
3360 3413 3341
3360 3414 3346
3360 3415 3397
3360 3416 3467
3360 3417 3533
3360 3418 3598
3360 3419 3618
3360 3420 3635
3360 3421 3667
3360 3422 3783
3360 3423 3784
57 3424 
3424 3425 373
3424 3426 436
3424 3427 483
3424 3428 484
3424 3429 788
3424 3430 979
3424 3431 982
3424 3432 1270
3424 3433 1644
3424 3434 1717
3424 3435 1724
3424 3436 1846
3424 3437 1847
3424 3438 1853
3424 3439 1861
3424 3440 1862
3424 3441 1905
3424 3442 1913
3424 3443 1915
3424 3444 1916
3424 3445 1918
3424 3446 1924
3424 3447 1925
3424 3448 1936
3424 3449 1939
3424 3450 1956
3424 3451 2020
3424 3452 2030
3424 3453 2031
3424 3454 2035
3424 3455 2043
3424 3456 2052
3424 3457 2239
3424 3458 2515
3424 3459 2665
3424 3460 2808
3424 3461 2831
3424 3462 2832
3424 3463 2833
3424 3464 3046
3424 3465 3157
3424 3466 3266
3424 3467 3330
3424 3468 3451
3424 3469 3484
3424 3470 3523
3424 3471 3530
3424 3472 3531
3424 3473 3539
3424 3474 3541
3424 3475 3544
3424 3476 3546
3424 3477 3562
3424 3478 3587
3424 3479 3589
3424 3480 3607
3424 3481 3704
3424 3482 3775
3424 3483 3787
3424 3484 3815
3424 3485 3835
3424 3486 3849
58 3487 
3487 3488 155
3487 3489 163
3487 3490 509
3487 3491 896
3487 3492 1158
3487 3493 1159
3487 3494 1467
3487 3495 1498
3487 3496 1520
3487 3497 1576
3487 3498 1579
3487 3499 1580
3487 3500 1742
3487 3501 1781
3487 3502 1835
3487 3503 1878
3487 3504 1928
3487 3505 1940
3487 3506 1950
3487 3507 1951
3487 3508 2010
3487 3509 2017
3487 3510 2022
3487 3511 2037
3487 3512 2051
3487 3513 2096
3487 3514 2287
3487 3515 2451
3487 3516 2547
3487 3517 2561
3487 3518 2631
3487 3519 2677
3487 3520 2747
3487 3521 2813
3487 3522 2857
3487 3523 2902
3487 3524 2982
3487 3525 2994
3487 3526 3047
3487 3527 3120
3487 3528 3139
3487 3529 3287
3487 3530 3288
3487 3531 3301
3487 3532 3312
3487 3533 3315
3487 3534 3361
3487 3535 3393
3487 3536 3394
3487 3537 3398
3487 3538 3399
3487 3539 3406
3487 3540 3488
3487 3541 3535
3487 3542 3643
3487 3543 3686
3487 3544 3762
3487 3545 3786
3487 3546 3788
3487 3547 3838
3487 3548 3918
3487 3549 3940
58 3550 
3550 3551 123
3550 3552 206
3550 3553 269
3550 3554 341
3550 3555 367
3550 3556 378
3550 3557 453
3550 3558 457
3550 3559 779
3550 3560 780
3550 3561 781
3550 3562 882
3550 3563 1017
3550 3564 1290
3550 3565 1293
3550 3566 1305
3550 3567 1373
3550 3568 1394
3550 3569 1432
3550 3570 1491
3550 3571 1492
3550 3572 1493
3550 3573 1510
3550 3574 1511
3550 3575 1512
3550 3576 1541
3550 3577 1611
3550 3578 1625
3550 3579 1626
3550 3580 1733
3550 3581 1744
3550 3582 1793
3550 3583 1811
3550 3584 1814
3550 3585 1815
3550 3586 1821
3550 3587 1852
3550 3588 1869
3550 3589 1990
3550 3590 2000
3550 3591 2008
3550 3592 2021
3550 3593 2078
3550 3594 2151
3550 3595 2159
3550 3596 2238
3550 3597 2285
3550 3598 2452
3550 3599 2454
3550 3600 2456
3550 3601 2462
3550 3602 2614
3550 3603 2714
3550 3604 2900
3550 3605 2983
3550 3606 3180
3550 3607 3565
3550 3608 3582
3550 3609 3664
3550 3610 3819
3550 3611 3845
3550 3612 3922
59 3613 
3613 3614 66
3613 3615 311
3613 3616 363
3613 3617 401
3613 3618 475
3613 3619 494
3613 3620 533
3613 3621 561
3613 3622 814
3613 3623 816
3613 3624 940
3613 3625 994
3613 3626 1284
3613 3627 1306
3613 3628 1348
3613 3629 1380
3613 3630 1518
3613 3631 1680
3613 3632 1691
3613 3633 1712
3613 3634 1889
3613 3635 1904
3613 3636 1923
3613 3637 1957
3613 3638 1958
3613 3639 1988
3613 3640 1992
3613 3641 1994
3613 3642 1997
3613 3643 1998
3613 3644 2029
3613 3645 2130
3613 3646 2167
3613 3647 2174
3613 3648 2231
3613 3649 2240
3613 3650 2329
3613 3651 2382
3613 3652 2393
3613 3653 2435
3613 3654 2444
3613 3655 2445
3613 3656 2459
3613 3657 2483
3613 3658 2568
3613 3659 2578
3613 3660 2722
3613 3661 2750
3613 3662 2876
3613 3663 2883
3613 3664 2884
3613 3665 2886
3613 3666 2940
3613 3667 2950
3613 3668 3116
3613 3669 3163
3613 3670 3227
3613 3671 3228
3613 3672 3286
3613 3673 3416
3613 3674 3696
3613 3675 3865
3613 3676 3867
59 3677 
3677 3678 55
3677 3679 852
3677 3680 1029
3677 3681 1264
3677 3682 1365
3677 3683 1445
3677 3684 1587
3677 3685 1723
3677 3686 1778
3677 3687 1787
3677 3688 1790
3677 3689 1960
3677 3690 1967
3677 3691 1987
3677 3692 2002
3677 3693 2003
3677 3694 2106
3677 3695 2128
3677 3696 2236
3677 3697 2272
3677 3698 2288
3677 3699 2295
3677 3700 2366
3677 3701 2436
3677 3702 2437
3677 3703 2496
3677 3704 2518
3677 3705 2669
3677 3706 2721
3677 3707 2723
3677 3708 2726
3677 3709 2738
3677 3710 2740
3677 3711 2798
3677 3712 2799
3677 3713 2841
3677 3714 2944
3677 3715 3097
3677 3716 3122
3677 3717 3123
3677 3718 3296
3677 3719 3297
3677 3720 3333
3677 3721 3365
3677 3722 3418
3677 3723 3434
3677 3724 3449
3677 3725 3459
3677 3726 3600
3677 3727 3603
3677 3728 3614
3677 3729 3675
3677 3730 3676
3677 3731 3682
3677 3732 3692
3677 3733 3702
3677 3734 3846
3677 3735 3847
3677 3736 3870
3677 3737 3872
3677 3738 3886
3677 3739 3887
60 3740 
3740 3741 24
3740 3742 446
3740 3743 478
3740 3744 499
3740 3745 500
3740 3746 521
3740 3747 671
3740 3748 804
3740 3749 911
3740 3750 980
3740 3751 1030
3740 3752 1044
3740 3753 1149
3740 3754 1191
3740 3755 1255
3740 3756 1489
3740 3757 1642
3740 3758 1903
3740 3759 1911
3740 3760 2024
3740 3761 2039
3740 3762 2063
3740 3763 2064
3740 3764 2066
3740 3765 2067
3740 3766 2108
3740 3767 2144
3740 3768 2177
3740 3769 2178
3740 3770 2181
3740 3771 2185
3740 3772 2186
3740 3773 2261
3740 3774 2318
3740 3775 2353
3740 3776 2440
3740 3777 2442
3740 3778 2513
3740 3779 2514
3740 3780 2519
3740 3781 2527
3740 3782 2551
3740 3783 2696
3740 3784 2777
3740 3785 2826
3740 3786 2844
3740 3787 2887
3740 3788 3168
3740 3789 3224
3740 3790 3255
3740 3791 3292
3740 3792 3364
3740 3793 3423
3740 3794 3444
3740 3795 3448
3740 3796 3476
3740 3797 3483
3740 3798 3489
3740 3799 3548
3740 3800 3564
3740 3801 3609
3740 3802 3693
3740 3803 3795
60 3804 
3804 3805 13
3804 3806 30
3804 3807 58
3804 3808 176
3804 3809 229
3804 3810 750
3804 3811 803
3804 3812 1023
3804 3813 1053
3804 3814 1192
3804 3815 1238
3804 3816 1260
3804 3817 1410
3804 3818 1469
3804 3819 1632
3804 3820 1809
3804 3821 1926
3804 3822 1941
3804 3823 2070
3804 3824 2088
3804 3825 2094
3804 3826 2204
3804 3827 2282
3804 3828 2283
3804 3829 2357
3804 3830 2361
3804 3831 2388
3804 3832 2389
3804 3833 2390
3804 3834 2410
3804 3835 2477
3804 3836 2478
3804 3837 2507
3804 3838 2512
3804 3839 2555
3804 3840 2620
3804 3841 2674
3804 3842 2758
3804 3843 2787
3804 3844 2869
3804 3845 2910
3804 3846 2916
3804 3847 2984
3804 3848 3056
3804 3849 3108
3804 3850 3142
3804 3851 3166
3804 3852 3187
3804 3853 3207
3804 3854 3210
3804 3855 3223
3804 3856 3275
3804 3857 3283
3804 3858 3284
3804 3859 3285
3804 3860 3344
3804 3861 3445
3804 3862 3475
3804 3863 3505
3804 3864 3534
3804 3865 3710
3804 3866 3957
61 3867 
3867 3868 18
3867 3869 476
3867 3870 782
3867 3871 895
3867 3872 1224
3867 3873 1339
3867 3874 1406
3867 3875 1757
3867 3876 1836
3867 3877 1838
3867 3878 1840
3867 3879 1855
3867 3880 1868
3867 3881 1914
3867 3882 1917
3867 3883 1930
3867 3884 1935
3867 3885 2097
3867 3886 2120
3867 3887 2126
3867 3888 2132
3867 3889 2175
3867 3890 2187
3867 3891 2188
3867 3892 2190
3867 3893 2225
3867 3894 2246
3867 3895 2277
3867 3896 2321
3867 3897 2400
3867 3898 2450
3867 3899 2453
3867 3900 2509
3867 3901 2510
3867 3902 2526
3867 3903 2548
3867 3904 2574
3867 3905 2619
3867 3906 2704
3867 3907 2706
3867 3908 2762
3867 3909 2788
3867 3910 2812
3867 3911 2875
3867 3912 2924
3867 3913 2927
3867 3914 2958
3867 3915 2959
3867 3916 2993
3867 3917 2995
3867 3918 3011
3867 3919 3012
3867 3920 3110
3867 3921 3125
3867 3922 3155
3867 3923 3199
3867 3924 3260
3867 3925 3278
3867 3926 3337
3867 3927 3595
3867 3928 3602
3867 3929 3691
3867 3930 3842
61 3931 
3931 3932 154
3931 3933 161
3931 3934 390
3931 3935 485
3931 3936 491
3931 3937 492
3931 3938 545
3931 3939 549
3931 3940 551
3931 3941 883
3931 3942 1127
3931 3943 1157
3931 3944 1194
3931 3945 1210
3931 3946 1291
3931 3947 1309
3931 3948 1601
3931 3949 1783
3931 3950 1854
3931 3951 1859
3931 3952 1860
3931 3953 1953
3931 3954 1991
3931 3955 2038
3931 3956 2041
3931 3957 2053
3931 3958 2073
3931 3959 2100
3931 3960 2111
3931 3961 2112
3931 3962 2146
3931 3963 2242
3931 3964 2326
3931 3965 2328
3931 3966 2338
3931 3967 2362
3931 3968 2363
3931 3969 2449
3931 3970 2481
3931 3971 2484
3931 3972 2485
3931 3973 2486
3931 3974 2528
3931 3975 2608
3931 3976 2641
3931 3977 2642
3931 3978 2643
3931 3979 2682
3931 3980 2688
3931 3981 2710
3931 3982 2760
3931 3983 2790
3931 3984 2935
3931 3985 3005
3931 3986 3274
3931 3987 3290
3931 3988 3294
3931 3989 3422
3931 3990 3543
3931 3991 3590
3931 3992 3604
3931 3993 3747
62 3994 
3994 3995 294
3994 3996 432
3994 3997 743
3994 3998 1732
3994 3999 1791
3994 4000 1858
3994 4001 1870
3994 4002 1871
3994 4003 1872
3994 4004 1927
3994 4005 1937
3994 4006 1947
3994 4007 1948
3994 4008 1963
3994 4009 1983
3994 4010 2013
3994 4011 2014
3994 4012 2015
3994 4013 2036
3994 4014 2057
3994 4015 2086
3994 4016 2090
3994 4017 2091
3994 4018 2179
3994 4019 2205
3994 4020 2211
3994 4021 2212
3994 4022 2213
3994 4023 2247
3994 4024 2284
3994 4025 2347
3994 4026 2356
3994 4027 2398
3994 4028 2403
3994 4029 2439
3994 4030 2441
3994 4031 2465
3994 4032 2472
3994 4033 2500
3994 4034 2694
3994 4035 2711
3994 4036 2754
3994 4037 2757
3994 4038 2908
3994 4039 2909
3994 4040 2985
3994 4041 2987
3994 4042 2992
3994 4043 3161
3994 4044 3213
3994 4045 3426
3994 4046 3495
3994 4047 3501
3994 4048 3519
3994 4049 3586
3994 4050 3731
3994 4051 3732
3994 4052 3820
3994 4053 3899
3994 4054 3901
3994 4055 3902
3994 4056 3925
62 4057 
4057 4058 43
4057 4059 162
4057 4060 251
4057 4061 445
4057 4062 456
4057 4063 522
4057 4064 608
4057 4065 709
4057 4066 795
4057 4067 1148
4057 4068 1249
4057 4069 1482
4057 4070 1483
4057 4071 1521
4057 4072 1528
4057 4073 1570
4057 4074 1645
4057 4075 1646
4057 4076 1731
4057 4077 1756
4057 4078 1780
4057 4079 1837
4057 4080 1892
4057 4081 1893
4057 4082 1898
4057 4083 1929
4057 4084 1961
4057 4085 2032
4057 4086 2044
4057 4087 2077
4057 4088 2081
4057 4089 2095
4057 4090 2195
4057 4091 2216
4057 4092 2217
4057 4093 2222
4057 4094 2223
4057 4095 2307
4057 4096 2315
4057 4097 2343
4057 4098 2350
4057 4099 2378
4057 4100 2396
4057 4101 2464
4057 4102 2476
4057 4103 2541
4057 4104 2559
4057 4105 2589
4057 4106 2729
4057 4107 2742
4057 4108 2749
4057 4109 2766
4057 4110 2769
4057 4111 2772
4057 4112 2773
4057 4113 2793
4057 4114 2979
4057 4115 2980
4057 4116 3124
4057 4117 3518
4057 4118 3672
4057 4119 3814
